4517310171709440
4524543374786560
4683831892246520
4784728282497020
4526100300431360
5948603442921470
5844253412425720
6043351595876350
6251879575060480
6034193278566400
6392638091558910
6248308005666810
6182940314697720
5339884438945790
6578993400643580
5774390329344000
6318207524667390
5215197614571520
5745107324108800
6308958281138170
5350378746937340
5984268148801530
5643678657806330
5210604941869050
5502274191228920
6226594488123390
6138884771545080
5726426126876670
5485745449992190
5646233842483200
5740644540612600
6321591245864960
5482454802497530
5194304978944000
6255362541879290
5715199283691520
5968532009385980
6254793794256890
6301372267888640
5754716629762040
6314846494654460
4601539773595640
5271123119833080
5563581435215870
5647324128739320
4901870487207930
5139844386783230
4994286187708410
5875048571207680
6545578437640190
5405585744855040
6241197202866170
6702874562134010
5991888517595130
6508865006862330
5687262398382080
5884750319321080
6309599848169470
6279154804719610
6333664046612480
4575446228271100
6318704935567360
5461465693683710
6111062023733240
5757706499522560
4831669682962430
5072095140642810
5087157353971710
6262928435052540
6051365677694970
5734702625325050
6304853366145020
5466144095862780
5294966284746750
5121649818992640
6209309151068160
6007482411384830
6273084120104960
5768532025409530
4844914877661180
4843758472396800
6406658519465980
5009104646963200
5218706279890940
5019335460388860
5448508576366590
5642178820833280
4849784739332090
5765067100389370
6296605583998970
5889929106161660
4720788273889280
5692720297279480
5658486421585920
4933592947884030
5254331559313400
5765119376097280
6212214283304960
6600094044389370
5691071726092280
5739197673504760
5662059985371130
6331368027979770
5167553162772480
5613732528914430
6736328465055740
6038968797757440
5691843840835580
6039925520596990
5837703008485370
6232204185174010
6458157459046400
5178383384182780
4556847579136000
5076559524265980
6488735241732090
5538393465290750
4945434395017210
5485999318630400
5475406291402750
5231142951190520
6377502454841340
5735070981685240
6004015206760440
5934372697931770
5295313315168250
5693170465636350
5699673673170940
6522548604895230
4861582838333440
5218881016692730
5611029474050040
4806351020621820
5339617395998720
5279205694636030
5066939535720440
5376062248714240
5354244058120190
6268900645797880
5029887710593020
4739479753457660
4886146511273980
4778142998724600
5905013316517880
5524761641746430
4734169538101240
4810924475023360
6245450342465530
4612140419776510
4822368094519290
4966856496513020
5093742381891580
4883075643211770
4787187201605630
5201067927142400
6042790096011260
6244169536241660
5679052704710650
4851375932440570
5700572705456120
5593887160664060
5371264262733820
5859233494990840
5422091035738110
6278055175651320
6319927254319100
5335694362804220
6310258362286080
5861314750578680
4669802855530490
5089168979918840
5777156032430080
5672583462649850
5509027588997120
6500221930438650
5973743868313600
4816034309603320
4833625203802110
5521366017114110
5677300322402300
6562376843264000
4778762765860860
4870719829704700
5682144636567550
5118334360092670
6729107901513720
6298143509446650
5615686023905280
5665594623918080
4808946017632250
5168388424859640
5575539754532860
5424532791754750
6224042480631800
5670598717997050
5654579077185530
5641325267386360
5298727868694520
4921323920818170
6201353611247610
5736463016656890
5391653491703800
5117928148041720
5291762778112000
5361621427814400
6167948974620670
6375503080456190
5185612443287550
6676922090127360
6683071304695800
6076538225164280
5987961887784960
5258203589771260
5678247985545210
5096908701827070
4723908066410490
5933816210259960
5579188792721400
5205121644363770
6375867586445310
5076376593891320
5716131557933050
6324706873442300
5954902266216440
6502888123662330
4884454822641660
5662700497534970
5597271024467960
6732477789896700
5708237812793340
6512999013548030
5073799225540600
5160202535960570
5161034023174140
5687020428984320
5676283700707320
6468101883297790
5878824472412160
6363465373450240
6228453831475200
5493464860983290
4805993269559290
6230338256764920
5094743310598140
5270679144366080
6021283877748730
5487899321565180
5971370326360060
5708611407839230
5475056924753920
6191173890736120
5871096597315580
4758611509116920
4883139933503480
6230929183866880
6447190178267130
5944483814309880
5769231150874620
5200647423000570
6677697931509760
6460094931795960
6235927787601920
4590544107864060
6395592066465790
6534730872782840
6247259414986750
5968757778284540
4911162583941120
6255717159796730
5745654194241530
4949243766767610
5755615412486140
4895514873036800
6197760046923770
6534383789932540
5664758770434040
6312778954440700
5748891884453880
5578679973314560
6273249996439550
5255300024107000
5782811791327230
6496962520023040
4868511075663870
5131926862036990
6018733707362300
5924099383623680
6094770596216830
5365600285097980
6608259089694720
5762211645489150
5862104034705400
4719041711177720
5075950863646720
5738180009525240
5655982153662460
5406866081316860
4658420063928320
6033208900583420
5126007566630910
5064357102747640
5696715661246460
4910357692809210
5095367420936190
5100420236050430
6051055425028090
4761067760648190
5759940381638650
4610461253238780
4634244632543230
6398111364677630
4794668992692220
5655515044511740
5636163696066560
5409286144393210
4580458924867580
5060831966396410
6356692801421310
6024205642498040
5529896006713340
5067264709623800
6578698029367290
5025015789518840
6041738569318400
5094946237317120
5886020786585600
4545246469816320
4770309934678010
6591091023282170
6065579628691450
5639910371360760
4796965323800570
5701961760374780
5356276097744890
6374666547494910
6272396250054650
6013379521019900
5191435101929470
5180884221165560
5668389628411900
5052604209954810
5644790846717950
5416151565729790
5567724132499450
6265848299782140
4817920309854200
5105185716174840
4793388563955710
4865236630765560
5679012464558080
6200674423406590
4868962363899900
4996040669265920
6577131876253690
5161145704906750
5896024822382590
5321763929980920
5335428095803390
6550151965442040
5168463001681920
5142738016141310
4853962092052480
6738580066009080
4888542020894720
5359451462696960
6175274418831360
5812813687685120
5675973016027130
6298786773073920
5913090241593340
5478560795983870
4692079942828030
6135728071245820
6287501046054910
5105607296155640
4933924255956990
6092829017243640
5423081327689720
4941100852707320
5166265953943550
4523774667915260
6004773587255290
5955611579645950
5149993767796730
6589364068941820
4881631382863870
6271344230531070
4795390454923260
6459414238199800
5182762776526840
4887345629233150
5447165595877370
5765151697403900
5121555637993470
4909561288851450
5056042851368960
6153796713447420
4840777966419960
6341809917657080
5096763086077950
5713801376694270
6531013557616640
4743411129122810
5331753803710460
6705144773214200
6207708082470910
4838696689860600
6558789908037630
5703444530724860
4748596475854840
4704967837351930
4672483481354240
5642675900383230
5986051464101880
5125751638589440
6270243737436160
6282170702233600
4897163865751550
6173990089392120
6229398422290430
5134208288686080
5177997759873020
5735552984809470
6204349252370430
4913231095136250
6221215215648760
6344650187079680
6258218172940280
6572507861614590
5532613303336960
4806257863032830
5762506869964800
6266931118080000
4674018286239740
6267011137011710
4790389181513720
6313596845817850
5380552561524730
5930383461842940
5653023695044600
4617513646161920
6263831611310080
6220806516375550
5414595766255610
5628683677073400
5984524955549690
4686769253515260
5210684616867840
4907674355367930
6243581618552830
5103513245843450
6419362040774650
5658927211479040
6230834191269880
5395285322760190
5924539416444920
5108196423237630
5060248630984700
5172918174613500
5374583144185850
5528472747245560
4616815353266170
5830317770276860
5951036567060480
4672322017427450
5221160109211640
6537657320472570
6289237047508990
4868654137081850
6263160373772280
4771570029428730
6287474483527680
6289393293721600
5918633903521790
5657886736777210
6285439509987320
4887178144382970
6208971442487290
5397429107032060
6552319583846400
6628168588853240
5717965532037120
6286360797249530
5976773688819710
5722704976019450
6526340004052990
6523118250098680
4966636849201150
6529815687462910
5648651204427770
6528926941708280
6180122245726200
6468042575839230
6553494221750270
4720432466886650
5618183757103100
5890228780793850
4899600110452730
5677707811618810
4722776936022010
4829269869985790
6614356175355900
5096520768552960
5433640118910970
5688968674803710
6301311282708480
6673846035808250
6459902241275900
6020901583716350
6252534488367100
5389062615597050
4784362652434430
6217484887654400
5112790175973370
4743267444850680
6743755904253950
5956489464250360
6207652180787200
6410795602673660
5741753053216760
5861855547359230
5124985869828090
6442565509316600
5085973765423100
6694352967434240
6700267919638520
6091169136115710
4648227292839930
5765628407316480
5420300927762430
5219030820454400
6599105495171070
4590909287038970
4562947772776440
5473417587326970
6629042646155260
6614885779636220
6622038833758200
4785886508089340
4991012256612350
6737860482826240
5956453636505600
5157549185695740
5573256314617850
5361174457614330
4990951967686650
5618687140691960
5350260425621500
6389917976363000
5687267752411130
5609801413296120
5864065291255800
4868602501005310
5166555163787260
4678246144671740
6723417984204800
5913447533379580
4801934267514880
6356501855731710
5075936521224190
6365043857817600
5377837924089850
5150077477715960
5122440803909630
4934237151035390
5194046662246400
5969034501685240
5135675118583800
6240192314736640
5647543448895480
6303488734658560
4928339867336700
6220996778393600
5281249402814460
6156883226263550
5809292110200830
4937353483255800
5729596615950330
5086587266269180
5165426071830520
4703769877020670
5865239956422650
5739939803168760
4555751005618170
6186463720898560
5153440000901120
6632407602036730
5123330782789630
5357840745103360
5821428049903610
6358354890850300
5927853617053690
4812151845814270
6378092186566650
6710524098117630
5095208039481340
5691991719411710
5376988216819710
6289957939314680
5115493134368760
5860719843082240
5010038592634880
4830142320869370
6195784903032830
6013672793047040
6325161598910460
5249683549061120
6743341733511160
5296713193488380
5243411575603200
5151923674021880
5998595721396220
6228066986622970
5355493610487800
5274118110838780
5662360800854010
6670979914792960
5696276899299320
6310654916952060
5710118832308220
4992973647380480
4566127413821440
5713700172333050
5679919786885120
6242300388704250
5120647682326520
5768681678176250
5307377244962810
5353570117353470
5333255819624440
5686468336943100
5329387991859200
6249144718983160
6228087299637240
6207231297060860
6010375256408060
5693004165677050
5766084296704000
6137495500619770
4816352453853180
6517394241486840
4955351006838780
5712176882909180
5963610243203070
5170074272923640
6627593463791610
5098716107112440
5097219558473720
4772147140493310
6659007668289530
4834324123746300
5077388713000960
5199041933606910
4865875112886270
6215618657255420
6437904328949760
5639546553237500
6266158917353470
4819351014211580
6147524811292670
6574306517581820
6090622265982970
5968658761252860
6257366932652030
5150731176771580
5657371036614650
5715846548684800
6472743400767480
5915486241947640
4689484278923260
5915967299256320
5715338408755200
6015218251464700
5383081122856960
5529879063822330
5160655040544760
4930043107082240
5640163638116350
6548608855834620
5847106843574270
6014671322611710
5428513664401400
5655246917337080
5432946179702780
6301576037662720
6450198999990270
5863002563674110
5059363959996410
6440345975914490
5667308301189120
5620046766276600
5447404776062970
5142261509652480
5477538769928190
5485429121875960
5485425110024190
5726049644052480
5119668782104570
6238521989791740
5822900680523770
5751184665083900
5843796711440380
4915332013621240
5698336831045630
5723888480681980
5996987212103680
5289081778995200
6194111459622910
6342540527665150
5096990478172160
6672974543323130
5146955537711100
6011755404722170
6234948769939450
4779851259052030
6135006432854010
5695498438574080
5961128624521210
6217029734367230
6193408651558910
4752991275974650
5060521906667520
5446834946310140
5871395986735100
4902721326940160
6040882492997630
5924131180642300
5575203780296700
5487479505289210
5649153231159290
6259079647330300
5153438767775740
4757021964369920
5629402046005240
6087488349143040
5848037654003710
5830684771876860
4699843712778240
6281966575943680
6265674286497790
5781663927762940
5653666792996860
5703005527605240
5662154795515900
4800292556111870
5873628545548280
5109950604902400
5434915256532990
5569209960497150
4833617851187200
6222514084642810
4794795442569210
4506170234503160
6160912090136570
5477242423476220
5248945133453310
6073819078852600
6599654500204540
5083705177538560
4850847406096380
6486735567454200
5894893601816570
6417154897346560
4717317990645760
5453736874868730
6067487233802240
4776410147192830
5636036015161340
4789430877421560
6488219696758780
5656783190228990
5689727330025470
6264849839423480
4632567749804030
4936737291763710
4892259107471360
5706201631293440
4767444419739640
6643535358984190
5044059431239680
5654727494729720
5738185275473920
4631782039224320
5874312640724990
6217659613970430
5078238755815420
4810261909209080
4940180890845180
6237820458893310
4701849059852280
4780180562247680
5785530337853440
5102130585141240
6066490933510140
5144086031892480
5106965059469310
4920447231590400
6692597844148220
5098964439269370
5113154180743160
5698470908264440
4790648341266430
6278137289637880
5536445664067580
6200594909888510
6615249664868350
5718614327951360
5475495464402940
5520723284066300
5711062550708220
5743719535869950
5160316388245500
4798535419559930
5168570138886140
4701650218385400
5105053142614010
5761076981399550
5568583486668800
6014569300361210
5127428919787520
5908958445305850
5367947876892670
5995971076947960
5707834272514040
5978600232714240
5574368012795900
5395692153470970
5870419133333500
6552011382194170
5695673993265150
6615196093120510
6105433364234240
4557833708240890
5186335302221820
6107222373302270
5640982771007480
5995360925253630
5863604253360120
4684605087023100
5532613848596480
5332813974863870
5831939430809600
5522109736419320
6288898693005310
5334786178547710
5724808752922620
5364435648512000
4728272891936760
5755555721248760
4899849036103680
5689951536545790
5145513097691130
6083302710575100
5196727875272700
4881749991489530
6018397129146360
6339855569125370
5691366468222970
6229414494863360
6689814774546430
4800147106037760
6067433953558520
5250637619003390
6298982672236540
5081388350963710
5342202915979260
5126411348082680
6127827520847870
4800969481125880
6005793356775420
6132285495574520
4659701969059840
6608985492815870
5719850903142400
6111435484561400
5074798696726520
5183612733358080
4880398167310330
5532234113089530
5212595826982910
6326490528481280
5989891684958200
5092223859294200
4720169387556860
5640677230641150
5692368336453630
5606833255350270
4650679392010240
4552649078734840
4562045183721470
6581287173226490
6259989712732160
4826459703083000
6050448830103550
5190819864641530
5334570666819580
4567656533327870
6383869253124090
